<?xml version="1.0"?>
<opencv_storage>
<K1 type_id="opencv-matrix">
  <rows>3</rows>
  <cols>3</cols>
  <dt>d</dt>
  <data>
    912.46583699249868 0. 662.68929531825415 0. 914.96320082171042
    426.84489672004162 0. 0. 1.</data></K1>
<D1 type_id="opencv-matrix">
  <rows>5</rows>
  <cols>1</cols>
  <dt>d</dt>
  <data>
    0.048647881700751197 -0.093979861283735061 0.00011991319784226549
    0.0020181717934842649 0.048559467619079012</data></D1>
<K2 type_id="opencv-matrix">
  <rows>3</rows>
  <cols>3</cols>
  <dt>d</dt>
  <data>
    916.50607687516651 0. 701.45511679003471 0. 916.62547720696784
    390.13953622827989 0. 0. 1.</data></K2>
<D2 type_id="opencv-matrix">
  <rows>5</rows>
  <cols>1</cols>
  <dt>d</dt>
  <data>
    0.046953885689946608 -0.090819234469415103 -0.0011716229027291681
    0.00064437784821977601 0.053537767628066231</data></D2>
<R type_id="opencv-matrix">
  <rows>3</rows>
  <cols>3</cols>
  <dt>d</dt>
  <data>
    0.99998631021793916 -0.0029126579736971458 0.0043469299787074131
    0.002921957167697377 0.99999345314438726 -0.0021344401313271939
    -0.004340684625916599 0.0021471124545157289 0.99998827411379476</data></R>
<T type_id="opencv-matrix">
  <rows>3</rows>
  <cols>1</cols>
  <dt>d</dt>
  <data>
    -0.1087720873579973 -0.00079701713686485388 0.00058035733694010829</data></T>
<R1 type_id="opencv-matrix">
  <rows>3</rows>
  <cols>3</cols>
  <dt>d</dt>
  <data>
    0.99998980231945711 0.0044030621895152751 -0.0010041416475963141
    -0.0044041385437416257 0.99998972688558629 -0.001072234572305053
    0.00099941021643066403 0.0010766460169329549 0.99999892100570464</data></R1>
<R2 type_id="opencv-matrix">
  <rows>3</rows>
  <cols>3</cols>
  <dt>d</dt>
  <data>
    0.99995892312937473 0.0073271040140234084 -0.0053353163644505467
    -0.0073213672322587544 0.99997260001354626 0.0010939853740308189
    0.0053431859214797704 -0.0010548786261307399 0.99998516868766241</data></R2>
<P1 type_id="opencv-matrix">
  <rows>3</rows>
  <cols>4</cols>
  <dt>d</dt>
  <data>
    862.63427938180303 0. 688.37476348876953 0. 0. 862.63427938180303
    407.72687530517578 0. 0. 0. 1. 0.</data></P1>
<P2 type_id="opencv-matrix">
  <rows>3</rows>
  <cols>4</cols>
  <dt>d</dt>
  <data>
    862.63427938180303 0. 688.37476348876953 -93.834385617838763 0.
    862.63427938180303 407.72687530517578 0. 0. 0. 1. 0.</data></P2>
<Q type_id="opencv-matrix">
  <rows>4</rows>
  <cols>4</cols>
  <dt>d</dt>
  <data>
    1. 0. 0. -688.37476348876953 0. 1. 0. -407.72687530517578 0. 0. 0.
    862.63427938180303 0. 0. 9.1931574305294799 0.</data></Q>
<imageSize_width>1280</imageSize_width>
<imageSize_height>800</imageSize_height>
</opencv_storage>
